# Created by Octave 4.4.1, Thu Nov 15 14:31:48 2018 GMT <unknown@HoncharDell>
# name: first_ten_entries
# type: matrix
# rows: 1
# columns: 10
 2104 1600 2400 1416 3000 1985 1534 1427 1380 1494


